2 1.292151 0.032914 10.61254 0.032914 0.518422 0.030532
3 1.340683 0.04351 12.094086 0.04351 0.775347 0.033629
5 1.285172 0.024829 12.060045 0.024829 0.74815 0.031115
6 1.405248 0.031514 11.586974 0.031514 0.723271 0.033718
12 1.306585 0.024096 11.061624 0.024096 0.644531 0.037113
13 1.354592 0.031381 12.492833 0.031381 0.742821 0.031016
14 1.313755 0.033238 12.861375 0.033238 0.815792 0.037347
15 1.387738 0.029858 11.503094 0.029858 0.778642 0.029797
16 1.215862 0.027185 11.290079 0.027185 0.718362 0.028837
22 1.369148 0.023491 11.608936 0.023491 0.759732 0.032171
23 1.439772 0.040787 14.033821 0.040787 0.769624 0.04082
25 1.371493 0.042326 14.803472 0.042326 0.794497 0.0311
26 1.442947 0.030351 11.922732 0.030351 0.764468 0.028081
28 1.419504 0.03313 12.482256 0.03313 0.753945 0.027571
29 1.369982 0.025327 12.31215 0.025327 0.778358 0.033858
30 1.408625 0.038087 12.498706 0.038087 0.773843 0.034744
32 1.348344 0.025033 13.106169 0.025033 0.719738 0.026792
33 1.370779 0.034329 11.688238 0.034329 0.743744 0.035575
34 1.319187 0.040527 11.520436 0.040527 0.772654 0.031872
35 1.146881 0.028461 14.934384 0.028461 0.791323 0.037512
39 1.3901 0.027675 12.025367 0.027675 0.776123 0.020925
41 1.344564 0.033595 11.803094 0.033595 0.770707 0.030967
42 1.349165 0.031129 11.537239 0.031129 0.75686 0.02964
43 1.286964 0.039482 11.893588 0.039482 0.792981 0.02987
44 1.395274 0.018943 11.595807 0.018943 0.769047 0.031331
45 1.340624 0.038845 12.385475 0.038845 0.76342 0.026831
48 1.145455 0.032473 14.051056 0.032473 0.728413 0.032442
49 1.265419 0.023879 11.328569 0.023879 0.650068 0.022509
56 1.414654 0.037858 12.17456 0.037858 0.741838 0.033299
57 1.350765 0.032336 12.079297 0.032336 0.733167 0.023836
58 1.461134 0.034018 12.082012 0.034018 0.745293 0.02534
59 1.326781 0.019758 12.223287 0.019758 0.768104 0.031283
60 1.349572 0.038573 12.394092 0.038573 0.756416 0.027089
66 1.30435 0.035742 12.10607 0.035742 0.768379 0.030395
67 1.325377 0.030856 11.73321 0.030856 0.796538 0.033018
68 1.328628 0.031815 12.40699 0.031815 0.738796 0.036586
69 1.424453 0.022815 11.697751 0.022815 0.767627 0.032938
70 1.354606 0.038189 19.427347 0.038189 0.785188 0.044974
71 1.32537 0.034601 11.631888 0.034601 0.698695 0.027373
