2 1.056239 0.014729 12.33416 0.014729 0.680582 0.047358
3 1.00559 0.016558 13.855519 0.016558 0.835004 0.061261
4 1.108763 0.023675 12.657653 0.023675 0.851503 0.051417
5 1.04322 0.028714 11.31477 0.028714 0.739538 0.043477
6 1.042751 0.028981 11.787079 0.028981 0.805068 0.053633
12 1.067163 0.023025 11.20155 0.023025 0.734634 0.044212
13 1.056274 0.024139 12.554346 0.024139 0.81331 0.065707
14 1.03077 0.012738 12.499075 0.012738 0.778956 0.056569
15 1.010524 0.017941 13.867641 0.017941 0.837234 0.057295
16 0.983479 0.015547 11.679085 0.015547 0.791555 0.061714
22 1.012771 0.01308 13.008643 0.01308 0.81404 0.058715
23 1.126584 0.025229 15.562952 0.025229 0.748626 0.061901
25 1.099417 0.019103 17.726088 0.019103 0.845723 0.056353
26 1.084719 0.030229 12.881758 0.030229 0.852022 0.060768
27 1.186929 0.02102 12.288027 0.02102 0.855675 0.048411
28 1.178792 0.010062 13.190658 0.010062 0.838842 0.032826
30 1.080399 0.030089 13.011994 0.030089 0.846793 0.061968
32 1.145455 0.013077 12.077984 0.013077 0.796105 0.048459
33 1.032189 0.022977 12.175969 0.022977 0.807694 0.05806
34 1.05542 0.014622 12.176688 0.014622 0.811536 0.056143
35 1.015393 0.033057 13.52072 0.033057 0.800966 0.052321
41 1.036137 0.015135 12.157194 0.015135 0.725712 0.039199
43 1.040547 0.016119 11.936125 0.016119 0.84506 0.057592
44 1.074021 0.012187 11.085818 0.012187 0.841042 0.059936
45 1.086826 0.01426 12.356174 0.01426 0.875701 0.05591
48 1.125775 0.014111 12.144247 0.014111 0.785398 0.034521
49 1.054034 0.017249 10.592239 0.017249 0.691519 0.035697
56 1.059945 0.023896 13.878887 0.023896 0.758299 0.056575
58 1.149933 0.016591 13.022056 0.016591 0.857604 0.0432
59 0.972725 0.018622 11.062186 0.018622 0.768721 0.045491
60 1.088011 0.031315 11.377302 0.031315 0.808582 0.038764
66 1.067537 0.008413 11.928403 0.008413 0.760795 0.04014
67 1.077608 0.024326 11.579954 0.024326 0.819037 0.058538
68 1.074562 0.031842 11.383037 0.031842 0.838507 0.053462
69 1.106307 0.026657 11.498032 0.026657 0.864673 0.054471
70 1.112832 0.013725 13.537057 0.013725 0.835342 0.0659
71 1.0822 0.014664 11.724859 0.014664 0.738304 0.040467
