2 1.401544 0.009619 12.445858 0.009619 0.779673 0.025396
3 1.439783 0.016894 11.625145 0.016894 0.7907 0.032749
4 1.442767 0.014602 12.005927 0.014602 0.759039 0.033966
5 1.345446 0.011759 11.814099 0.011759 0.742896 0.028782
12 1.43269 0.028553 10.742621 0.028553 0.750116 0.028729
13 1.454417 0.037175 12.22886 0.037175 0.747164 0.030875
14 1.36639 0.033615 12.083274 0.033615 0.734635 0.030985
15 1.380525 0.015306 11.656975 0.015306 0.785456 0.03172
16 1.340168 0.027439 10.349472 0.027439 0.739138 0.022967
22 1.432763 0.01648 10.945905 0.01648 0.799043 0.026725
23 1.516893 0.008251 12.790015 0.008251 0.767101 0.033147
25 1.495229 0.017255 14.2412 0.017255 0.843772 0.029352
26 1.470953 0.026648 10.977844 0.026648 0.776644 0.02415
27 1.502217 0.015073 11.621095 0.015073 0.794252 0.028013
28 1.493102 0.00911 11.587512 0.00911 0.787872 0.024755
29 1.478079 0.020049 11.218717 0.020049 0.783995 0.030131
30 1.456028 0.006201 11.719863 0.006201 0.732312 0.030056
31 1.48633 0.010121 11.218292 0.010121 0.802739 0.025862
32 1.44199 0.011875 11.779325 0.011875 0.708655 0.023704
33 1.405807 0.008471 10.474048 0.008471 0.722378 0.026302
34 1.387881 0.008518 10.781162 0.008518 0.743694 0.026499
35 1.400444 0.011325 11.677626 0.011325 0.771384 0.025903
39 1.453476 0.006964 11.413973 0.006964 0.777363 0.018559
41 1.372451 0.00862 11.506966 0.00862 0.797656 0.033405
42 1.363687 0.011487 11.162763 0.011487 0.772986 0.029784
43 1.332175 0.023316 11.688401 0.023316 0.758423 0.030221
44 1.437123 0.013873 11.046551 0.013873 0.787346 0.031117
45 1.441408 0.025806 11.674084 0.025806 0.791297 0.027989
48 1.320206 0.029513 12.252434 0.029513 0.766229 0.0311
49 1.401733 0.044325 11.3226 0.044325 0.676097 0.026669
56 1.491288 0.026024 11.792796 0.026024 0.765912 0.035797
57 1.415203 0.009366 11.298649 0.009366 0.814321 0.025824
58 1.510001 0.010775 11.344422 0.010775 0.783475 0.024793
59 1.427487 0.009964 10.955947 0.009964 0.791153 0.032155
60 1.394716 0.008843 12.21657 0.008843 0.78481 0.026662
66 1.370766 0.028657 11.96494 0.028657 0.828399 0.03543
67 1.441197 0.015338 11.371354 0.015338 0.781523 0.03085
68 1.35702 0.025455 12.257203 0.025455 0.778986 0.030575
69 1.366343 0.022853 12.178809 0.022853 0.819982 0.037954
70 1.381119 0.031169 14.733586 0.031169 0.792243 0.037821
71 1.386588 0.036209 12.135255 0.036209 0.659509 0.027647
