%<residue number><chain id><P atom name><Q atom name><freq of spectrometer (MHz)><R1 rate (1/s)><R1 rate error (1/s)><R2 rate (1/s)><R2 rate error (1/s)><NOE><NOE error>
2 A N H 600 1.703304 0.041601 11.697583 0.290517 0.781152 0.034890
3 A N H 600 1.328273 0.025778 12.057307 0.230456 0.747013 0.041307
4 A N H 600 1.344057 0.028349 12.922070 0.179113 0.810035 0.039943
5 A N H 600 1.256765 0.032100 12.059259 0.119735 0.763103 0.044459
6 A N H 600 1.318931 0.030476 11.504929 0.888533 0.770364 0.050688
7 A N H 600 1.372522 0.031944 11.804455 0.141406 0.739103 0.047318
8 A N H 600 1.521398 0.025998 9.710224 0.333080 0.601842 0.048943
9 A N H 600 1.351730 0.042127 10.403534 0.319571 0.675380 0.116455
10 A N H 600 1.404938 0.023928 9.690264 0.335653 0.663106 0.041556
11 A N H 600 1.381081 0.029954 9.521746 0.164170 0.613543 0.044168
12 A N H 600 1.323286 0.024819 11.037121 0.209165 0.670522 0.052761
13 A N H 600 1.286508 0.035119 12.915988 0.368803 0.742279 0.057206
14 A N H 600 1.227899 0.022553 12.621115 0.145822 0.772141 0.051688
15 A N H 600 1.296294 0.032803 11.665719 0.289782 0.760197 0.043812
16 A N H 600 1.240533 0.032527 10.998732 0.321455 0.728516 0.043051
17 A N H 600 1.584541 0.032903 11.495543 0.102565 0.838570 0.042241
18 A N H 600 1.383782 0.029304 10.961495 0.289101 0.731097 0.041396
20 A N H 600 1.310949 0.033450 10.828034 0.246881 0.742782 0.038877
21 A N H 600 1.469545 0.030923 11.223196 0.371923 0.745829 0.030276
22 A N H 600 1.346207 0.028612 11.961278 0.225021 0.966439 0.059073
23 A N H 600 1.376016 0.034929 14.191941 0.125573 0.767735 0.051444
25 A N H 600 1.375561 0.027147 14.839710 0.240913 0.816605 0.041858
26 A N H 600 1.326295 0.027176 12.274030 0.437219 0.763561 0.040123
27 A N H 600 1.374171 0.035464 12.113353 0.095180 0.773483 0.034175
28 A N H 600 1.405635 0.033203 13.050769 0.152097 0.802018 0.038962
29 A N H 600 1.305933 0.028503 13.003242 0.370991 0.855253 0.058089
30 A N H 600 1.364773 0.033780 12.023189 0.138893 0.815661 0.050249
31 A N H 600 1.399590 0.033799 11.574516 0.122860 0.806693 0.038168
32 A N H 600 1.346585 0.026989 12.409596 0.239723 0.737563 0.046735
33 A N H 600 1.271764 0.024530 13.730466 0.247162 0.769799 0.054091
34 A N H 600 1.320325 0.034184 13.125533 0.196252 0.787654 0.051227
35 A N H 600 1.342229 0.028409 12.180391 0.164587 0.782253 0.050331
36 A N H 600 1.186894 0.031492 11.185154 0.212397 0.797508 0.128185
39 A N H 600 1.373214 0.029148 11.005893 0.266182 0.794748 0.018584
40 A N H 600 1.313243 0.026971 11.759953 0.120658 0.758028 0.038477
41 A N H 600 1.387008 0.031808 10.571357 0.230816 0.770130 0.040319
42 A N H 600 1.350718 0.025558 11.114356 0.336638 0.783009 0.042908
43 A N H 600 1.337177 0.030350 10.872492 0.469358 0.796796 0.049226
44 A N H 600 1.337404 0.024390 11.008710 0.394016 0.782940 0.048952
45 A N H 600 1.323550 0.029635 11.841134 0.213650 0.811414 0.047655
46 A N H 600 1.317454 0.027299 11.712377 0.248027 0.685594 0.075016
47 A N H 600 1.302563 0.026690 10.811877 0.225025 0.684831 0.042061
48 A N H 600 1.336733 0.033524 11.045823 0.169245 0.762806 0.029885
49 A N H 600 1.257851 0.031883 10.561805 0.285839 0.659280 0.032740
50 A N H 600 1.363795 0.032632 11.080814 0.155278 0.756667 0.049747
51 A N H 600 1.294294 0.030574 10.616527 0.213466 0.764056 0.053261
52 A N H 600 1.258191 0.031987 10.299781 0.293244 0.748867 0.032582
54 A N H 600 1.301856 0.031784 10.839212 0.249321 0.751696 0.034152
55 A N H 600 1.301693 0.029580 11.753083 0.396367 0.758736 0.038028
56 A N H 600 1.386437 0.031103 11.902566 0.099880 0.829154 0.054380
57 A N H 600 1.373214 0.029148 11.005893 0.266182 0.794748 0.018584
58 A N H 600 1.382416 0.030237 11.690734 0.301472 0.810091 0.035635
59 A N H 600 1.292104 0.031196 11.366124 0.096180 0.821779 0.042399
60 A N H 600 1.410854 0.033510 11.033316 0.126881 0.781944 0.036726
61 A N H 600 1.378429 0.031132 10.818235 0.173056 0.776325 0.043460
62 A N H 600 1.256263 0.030284 9.036439 0.199401 0.545455 0.033150
63 A N H 600 1.325561 0.032491 11.071029 0.186081 0.797755 0.037728
64 A N H 600 1.364650 0.022023 11.591792 0.354471 0.759931 0.047679
65 A N H 600 1.392371 0.035601 10.561397 0.101395 0.748330 0.037138
66 A N H 600 1.282986 0.032887 11.355544 0.267181 0.759995 0.039598
67 A N H 600 1.285912 0.033712 11.991723 0.823951 0.765061 0.051108
68 A N H 600 1.309473 0.029807 11.666745 0.145676 0.813738 0.048293
69 A N H 600 1.362802 0.028438 10.852148 0.440618 0.790589 0.052507
70 A N H 600 1.401758 0.033535 15.305670 0.196094 0.786163 0.051261
71 A N H 600 1.382022 0.041055 10.612037 0.269949 0.690475 0.041224
72 A N H 600 1.461868 0.025554 9.871194 0.125319 0.695049 0.041174
73 A N H 600 1.620717 0.032667 6.111800 0.225980 0.382729 0.024863
74 A N H 600 1.467045 0.025286 4.575033 0.111282 0.201969 0.028455
75 A N H 600 1.279348 0.040970 2.737390 0.103100 -0.162170 0.066484
76 A N H 600 0.888417 0.021091 1.710414 0.050300 -0.820919 0.015946

2 A N H 800 1.386584 0.043653 12.580852 0.164653 0.793764 0.024262
3 A N H 800 1.043790 0.019125 12.584262 0.144812 0.864486 0.031716
4 A N H 800 1.079937 0.017274 13.882180 0.160586 0.845725 0.028300
5 A N H 800 0.984322 0.015417 13.057471 0.217374 0.733766 0.029026
6 A N H 800 1.086309 0.026865 12.397961 0.225681 0.821588 0.032106
7 A N H 800 1.081094 0.015631 12.362140 0.149950 0.789433 0.030288
8 A N H 800 1.282615 0.041861 11.962747 0.296247 0.731691 0.040986
9 A N H 800 1.254443 0.081844 10.996647 0.557950 0.662836 0.087613
10 A N H 800 1.218227 0.030762 10.915568 0.235123 0.684369 0.030859
11 A N H 800 1.247178 0.029571 10.940547 0.101794 0.626052 0.028831
12 A N H 800 1.047581 0.032564 12.036347 0.270153 0.698173 0.034456
13 A N H 800 1.044260 0.029057 13.902264 0.253479 0.767035 0.044119
14 A N H 800 1.023525 0.013753 13.749729 0.094511 0.820188 0.033027
15 A N H 800 1.118910 0.025371 13.093259 0.403934 0.776193 0.028125
16 A N H 800 0.972344 0.014772 11.575212 0.203634 0.788520 0.028595
17 A N H 800 1.186911 0.034514 12.078913 0.175825 0.758400 0.024507
18 A N H 800 1.071514 0.037346 12.651939 0.209987 0.785253 0.028513
20 A N H 800 1.121792 0.070210 11.573069 0.235293 0.780009 0.026092
21 A N H 800 1.170881 0.026881 12.087714 0.169594 0.796014 0.020791
22 A N H 800 1.085200 0.014518 12.043759 0.152809 0.917731 0.037423
23 A N H 800 1.101622 0.009707 15.037472 0.420344 0.818033 0.033426
25 A N H 800 1.116096 0.015624 17.385124 0.211436 0.839672 0.025600
26 A N H 800 1.060006 0.009506 12.996829 0.244864 0.838538 0.026736
27 A N H 800 1.160462 0.014975 13.314464 0.213786 0.837689 0.023251
28 A N H 800 1.179663 0.014525 13.939358 0.211164 0.779258 0.023455
29 A N H 800 1.016401 0.015479 14.311328 0.251295 0.854509 0.038628
30 A N H 800 1.080058 0.031502 13.287210 0.288091 0.840544 0.032675
31 A N H 800 1.144973 0.014215 12.863745 0.100413 0.859434 0.026860
32 A N H 800 1.105132 0.020377 13.186230 0.181794 0.823175 0.030963
33 A N H 800 1.057072 0.024507 14.686911 0.185668 0.875227 0.041383
34 A N H 800 1.079462 0.016419 14.511793 0.209292 0.828672 0.032758
35 A N H 800 1.083068 0.023187 13.518709 0.214339 0.883656 0.036918
36 A N H 800 0.967748 0.017107 12.181860 0.129465 0.847851 0.064647
39 A N H 800 1.160127 0.041242 12.629742 0.541710 0.802541 0.014732
40 A N H 800 1.047022 0.015573 12.817508 0.172329 0.812987 0.026412
41 A N H 800 1.152223 0.022953 11.355553 0.138773 0.833877 0.028504
42 A N H 800 1.113867 0.014126 11.352089 0.132359 0.819422 0.028140
43 A N H 800 1.066074 0.022712 11.518745 0.336201 0.816039 0.032124
44 A N H 800 1.005190 0.038475 11.845647 0.177219 0.788339 0.032319
45 A N H 800 1.063654 0.017340 13.385151 0.326560 0.806014 0.030197
46 A N H 800 1.164520 0.029686 13.094963 0.534917 0.736865 0.057080
47 A N H 800 1.052714 0.040235 11.482534 0.209618 0.783657 0.033445
48 A N H 800 1.108682 0.009772 12.043149 0.144459 0.793252 0.020495
49 A N H 800 1.071232 0.027380 11.452734 0.128134 0.700514 0.023118
50 A N H 800 1.108233 0.020626 12.333670 0.397301 0.767766 0.028859
51 A N H 800 1.061254 0.012833 11.066937 0.181210 0.789521 0.031352
52 A N H 800 1.007578 0.015299 11.083398 0.158105 0.750466 0.019188
54 A N H 800 1.117641 0.036355 12.211320 0.081243 0.764364 0.024222
55 A N H 800 1.032861 0.034934 13.028507 0.152132 0.818847 0.027840
56 A N H 800 1.141774 0.015586 12.982379 0.267719 0.816520 0.030876
57 A N H 800 1.190680 0.036989 12.578948 0.390684 0.802541 0.014732
58 A N H 800 1.114702 0.027244 12.426967 0.142871 0.831161 0.022764
59 A N H 800 1.084347 0.037954 12.073242 0.241142 0.791635 0.025493
60 A N H 800 1.139609 0.025188 11.668238 0.228389 0.792969 0.023326
61 A N H 800 1.072547 0.022295 11.424085 0.107677 0.831110 0.030155
62 A N H 800 1.033986 0.015778 9.764827 0.223573 0.735931 0.029151
63 A N H 800 1.102255 0.014010 12.027026 0.069422 0.769102 0.023695
64 A N H 800 1.103075 0.022451 11.778582 0.227353 0.798465 0.036689
65 A N H 800 1.157632 0.014853 11.311500 0.229555 0.795298 0.026686
66 A N H 800 1.050687 0.024364 12.569942 0.185508 0.809142 0.026345
67 A N H 800 1.045864 0.028873 13.129593 0.311356 0.796353 0.041534
68 A N H 800 1.003212 0.017663 12.432164 0.168440 0.803711 0.033444
69 A N H 800 1.087832 0.025131 11.849814 0.182647 0.812010 0.029827
70 A N H 800 1.134570 0.029367 17.471042 0.526603 0.793626 0.035643
71 A N H 800 1.120574 0.016344 11.382579 0.123240 0.741255 0.026379
72 A N H 800 1.217016 0.015910 10.765998 0.147391 0.746762 0.030045
73 A N H 800 1.440696 0.032546 6.814483 0.148652 0.601658 0.020286
74 A N H 800 1.361504 0.046153 4.958865 0.086278 0.331911 0.020739
75 A N H 800 1.227585 0.058516 3.177472 0.165193 0.062120 0.052650
76 A N H 800 0.941271 0.024853 2.002927 0.087773 -0.442974 0.010949

2 B N H 600 1.382050 0.031079 10.483973 0.301775 0.490473 0.019497
3 B N H 600 1.405017 0.019689 11.924083 0.299531 0.739727 0.030146
4 B N H 600 1.433834 0.017202 12.410732 0.141050 0.812615 0.026530
5 B N H 600 1.272308 0.019729 12.366451 0.229709 0.743903 0.026497
6 B N H 600 1.427710 0.010399 11.735834 0.397460 0.776799 0.029636
7 B N H 600 1.319114 0.012762 13.185070 0.158749 0.708554 0.028615
8 B N H 600 1.489819 0.039053 10.928885 0.194523 0.634340 0.036132
9 B N H 600 1.338988 0.056398 11.588804 0.550179 0.583043 0.055756
10 B N H 600 1.438020 0.027979 10.698066 0.240401 0.635586 0.022408
11 B N H 600 1.302238 0.021062 11.620346 0.177069 0.542380 0.025311
12 B N H 600 1.348459 0.023210 11.128787 0.133483 0.681692 0.027719
13 B N H 600 1.318073 0.020559 12.645197 0.753532 0.732034 0.028660
14 B N H 600 1.303239 0.019641 12.138283 0.278717 0.782454 0.030021
15 B N H 600 1.425077 0.014236 11.511509 0.282581 0.748295 0.024064
16 B N H 600 1.269951 0.016061 11.388489 0.269885 0.742529 0.023629
17 B N H 600 1.401934 0.021500 11.989285 0.305763 0.743679 0.030885
18 B N H 600 1.250773 0.015973 12.420454 0.126063 0.700722 0.024186
20 B N H 600 1.242596 0.018020 13.488975 0.240569 0.699046 0.024146
21 B N H 600 1.432063 0.013035 12.908383 0.246423 0.741120 0.017813
22 B N H 600 1.355890 0.012006 12.196517 0.217468 0.755636 0.025991
23 B N H 600 1.461327 0.019452 14.715466 0.274367 0.785873 0.035227
25 B N H 600 1.431597 0.014420 15.240824 0.536190 0.784079 0.025135
26 B N H 600 1.436095 0.016886 12.264277 0.310335 0.798334 0.024008
27 B N H 600 1.427424 0.012795 13.015446 0.132218 0.814494 0.025474
28 B N H 600 1.438517 0.011405 12.172533 0.329533 0.759750 0.021906
29 B N H 600 1.374755 0.018935 12.749406 0.117280 0.761765 0.033036
30 B N H 600 1.425173 0.015954 11.946686 0.127421 0.791122 0.028659
31 B N H 600 1.422928 0.014508 12.015788 0.273039 0.702872 0.021999
32 B N H 600 1.401270 0.013486 13.193967 0.155070 0.760302 0.025616
33 B N H 600 1.400287 0.012785 11.842909 0.216349 0.753185 0.027264
34 B N H 600 1.359098 0.013463 11.672259 0.366535 0.728461 0.026417
35 B N H 600 1.187052 0.011433 14.345104 0.323562 0.812060 0.029642
36 B N H 600 1.060074 0.018660 12.549006 0.213976 0.741786 0.054984
39 B N H 600 1.401027 0.008915 12.204867 0.166669 0.793648 0.016547
40 B N H 600 1.240181 0.009223 14.285933 0.196626 0.739913 0.024859
41 B N H 600 1.367651 0.013719 12.223036 0.346140 0.718384 0.025985
42 B N H 600 1.369535 0.019637 11.244404 0.497592 0.729784 0.023786
43 B N H 600 1.339793 0.021653 11.368992 0.382529 0.790749 0.032508
44 B N H 600 1.396655 0.015087 11.821856 0.443948 0.760467 0.031643
45 B N H 600 1.328327 0.019402 12.690818 0.305992 0.761542 0.024690
46 B N H 600 1.358567 0.037638 12.156062 0.480124 0.710955 0.047485
47 B N H 600 1.324191 0.016498 11.789076 0.168477 0.753420 0.035239
48 B N H 600 1.186807 0.014304 15.552645 0.255451 0.718111 0.031661
49 B N H 600 1.252011 0.015708 12.024793 0.161682 0.645152 0.019083
50 B N H 600 1.422396 0.019734 11.724392 0.101643 0.763058 0.035420
51 B N H 600 1.289434 0.022224 11.562757 0.161225 0.758345 0.023419
52 B N H 600 1.080688 0.017531 13.583296 0.475401 0.714515 0.023020
54 B N H 600 1.226503 0.011556 12.759572 0.121222 0.748751 0.024994
55 B N H 600 1.377280 0.021179 12.378128 0.525246 0.746301 0.025700
56 B N H 600 1.401967 0.010607 12.297908 0.225153 0.765317 0.030396
57 B N H 600 1.360167 0.013628 12.596570 0.183774 0.765792 0.020306
58 B N H 600 1.467408 0.018304 12.325776 0.438114 0.754686 0.021227
59 B N H 600 1.327139 0.016258 12.651183 0.154893 0.777625 0.025783
60 B N H 600 1.398667 0.017203 12.797157 0.141214 0.779134 0.021953
61 B N H 600 1.394049 0.012381 11.618284 0.068317 0.717641 0.023201
62 B N H 600 1.210671 0.020208 10.870842 0.275562 0.530365 0.024255
63 B N H 600 1.304716 0.022012 12.796681 0.134035 0.681329 0.027643
64 B N H 600 1.443201 0.025601 11.457464 0.207394 0.746447 0.024791
65 B N H 600 1.349239 0.013643 12.837795 0.315797 0.752410 0.021894
66 B N H 600 1.368977 0.023197 12.209903 0.155706 0.729367 0.025361
67 B N H 600 1.367678 0.015606 12.311849 0.347931 0.744472 0.029493
68 B N H 600 1.427021 0.025372 12.428496 0.168347 0.721363 0.034234
69 B N H 600 1.425969 0.016550 11.473778 0.337074 0.813280 0.031788
70 B N H 600 1.392866 0.021669 13.770508 0.326034 0.773175 0.032701
71 B N H 600 1.369297 0.009979 11.428713 0.114141 0.707522 0.028458
72 B N H 600 1.304002 0.014795 11.800908 0.190691 0.649432 0.024845
73 B N H 600 1.514445 0.012113 8.918908 0.317594 0.532315 0.021613
74 B N H 600 1.494285 0.023808 6.827824 0.116189 0.352362 0.019857
75 B N H 600 1.413491 0.019132 5.941357 0.181173 0.327910 0.073712

2 B N H 800 1.129725 0.008221 9.183501 0.284054 0.507860 0.011703
3 B N H 800 1.097220 0.023915 12.968731 0.247136 0.842447 0.023234
4 B N H 800 1.123109 0.023031 14.093323 0.311945 0.842190 0.021701
5 B N H 800 1.014265 0.032646 12.960106 0.436955 0.782001 0.024071
6 B N H 800 1.107310 0.016590 12.744092 0.181862 0.810479 0.027335
7 B N H 800 1.062404 0.028136 13.590815 0.283851 0.759579 0.023896
8 B N H 800 1.261993 0.052065 11.993244 0.537663 0.715246 0.037565
9 B N H 800 1.080451 0.063914 13.990037 1.184730 0.692507 0.061541
10 B N H 800 1.197537 0.058601 12.342448 0.349509 0.670044 0.021502
11 B N H 800 1.127554 0.028998 13.098579 0.258670 0.620394 0.024664
12 B N H 800 1.066250 0.040299 12.372724 0.330942 0.688260 0.023968
13 B N H 800 1.017959 0.069393 13.488494 0.528594 0.783113 0.034466
14 B N H 800 1.016221 0.025765 13.207055 0.266037 0.829374 0.025118
15 B N H 800 1.138090 0.031742 13.198286 0.381124 0.758467 0.021537
16 B N H 800 0.972336 0.018859 12.020054 0.171330 0.758475 0.017511
17 B N H 800 1.139805 0.008028 12.018018 0.186810 0.732504 0.020460
18 B N H 800 1.075769 0.020210 14.214344 0.199820 0.728020 0.019538
20 B N H 800 1.046110 0.031895 13.842971 0.311667 0.817396 0.022469
21 B N H 800 1.234244 0.033017 14.355795 0.316351 0.870484 0.018851
22 B N H 800 1.060902 0.026302 14.545042 0.371099 0.798181 0.022196
23 B N H 800 1.172516 0.022516 16.061626 0.355632 0.790306 0.026974
25 B N H 800 1.111338 0.020308 18.547509 0.345418 0.830398 0.020703
26 B N H 800 1.138307 0.016637 12.791676 0.219241 0.826748 0.020438
27 B N H 800 1.136938 0.012454 14.051451 0.508118 0.821366 0.021346
28 B N H 800 1.174228 0.017215 13.324970 0.165186 0.859928 0.019143
29 B N H 800 1.118196 0.022564 13.840845 0.262963 0.816879 0.027755
30 B N H 800 1.117204 0.046267 13.176826 0.214463 0.860193 0.023981
31 B N H 800 1.177530 0.032670 12.831913 0.278229 0.794355 0.020011
32 B N H 800 1.053025 0.037855 13.465187 0.291665 0.814668 0.021138
33 B N H 800 1.096001 0.068918 10.911050 0.354657 0.817867 0.024185
34 B N H 800 1.028719 0.023975 11.591945 0.195249 0.808413 0.022211
35 B N H 800 0.895979 0.037086 16.558932 0.301937 0.832242 0.025702
36 B N H 800 0.859425 0.026245 14.502062 0.265608 0.840879 0.032944
39 B N H 800 1.103936 0.020780 13.074745 0.177336 0.853516 0.015507
40 B N H 800 0.970881 0.026055 14.400580 0.229899 0.803565 0.021848
41 B N H 800 1.090145 0.017860 12.972125 0.263623 0.766493 0.021910
42 B N H 800 1.094323 0.026641 10.924654 0.251651 0.783617 0.025835
43 B N H 800 1.042073 0.028211 12.230592 0.364861 0.799330 0.025863
44 B N H 800 1.072377 0.042795 12.504226 0.127066 0.816267 0.029773
45 B N H 800 1.054019 0.019168 15.491794 0.379403 0.773156 0.020198
46 B N H 800 1.126068 0.070524 14.203208 0.811645 0.781351 0.046444
47 B N H 800 1.054266 0.039295 12.073040 0.458705 0.815486 0.033158
48 B N H 800 0.929376 0.020902 15.449107 0.281336 0.794538 0.029513
49 B N H 800 1.020615 0.025502 12.556698 0.173882 0.684215 0.017175
50 B N H 800 1.079130 0.017744 12.316029 0.378111 0.786761 0.029352
51 B N H 800 0.997680 0.011376 11.809871 0.286205 0.780502 0.022226
52 B N H 800 0.822224 0.012942 15.656270 0.313525 0.739210 0.018280
54 B N H 800 1.000680 0.022007 14.703433 0.182231 0.784289 0.022406
55 B N H 800 1.061578 0.025975 14.339962 0.219039 0.771538 0.021431
56 B N H 800 1.105963 0.022595 13.934069 0.385149 0.820891 0.022618
57 B N H 800 1.099315 0.045749 14.193985 0.254830 0.794619 0.017582
58 B N H 800 1.199620 0.021306 13.198507 0.421670 0.808037 0.019134
59 B N H 800 1.013385 0.039319 12.582879 0.215251 0.768599 0.021181
60 B N H 800 1.145622 0.026466 13.142491 0.145501 0.797727 0.018901
61 B N H 800 1.109242 0.038309 12.795398 0.200980 0.816562 0.022562
62 B N H 800 0.949847 0.041285 12.166780 0.350114 0.521393 0.016468
63 B N H 800 1.056614 0.034552 13.309464 0.264234 0.709079 0.022267
64 B N H 800 1.156148 0.023865 12.414261 0.330432 0.755862 0.022833
65 B N H 800 1.072217 0.050995 13.594540 0.271259 0.820958 0.021796
66 B N H 800 1.051627 0.014602 12.737265 0.227769 0.797797 0.020865
67 B N H 800 0.992495 0.046420 13.077933 0.365128 0.830248 0.028117
68 B N H 800 1.051840 0.037109 12.861165 0.429690 0.819704 0.033570
69 B N H 800 1.057961 0.014646 12.476804 0.111805 0.816926 0.025357
70 B N H 800 1.154144 0.021250 14.206821 0.257671 0.775715 0.029398
71 B N H 800 1.090398 0.008074 11.602195 0.151780 0.778296 0.023382
72 B N H 800 1.080028 0.013728 12.422504 0.209838 0.770440 0.023656
73 B N H 800 1.289744 0.024637 10.068849 0.256312 0.647994 0.019085
74 B N H 800 1.299748 0.024419 7.718339 0.236386 0.510841 0.019340
75 B N H 800 1.268915 0.069644 5.764321 0.291798 0.456627 0.068090
