2 1.401544 0.009619 12.445858 0.009619 0.779673 0.025396
3 1.439783 0.016894 11.625145 0.016894 0.7907 0.032749
4 1.442767 0.014602 12.005927 0.014602 0.759039 0.033966
5 1.345446 0.011759 11.814099 0.011759 0.742896 0.028782
12 1.43269 0.028553 10.742621 0.028553 0.750116 0.028729
13 1.454417 0.037175 12.22886 0.037175 0.747164 0.030875
14 1.36639 0.033615 12.083274 0.033615 0.734635 0.030985
15 1.380525 0.015306 11.656975 0.015306 0.785456 0.03172
16 1.340168 0.027439 10.349472 0.027439 0.739138 0.022967
22 1.432763 0.01648 10.945905 0.01648 0.799043 0.026725
23 1.516893 0.008251 12.790015 0.008251 0.767101 0.033147
25 1.495229 0.017255 14.2412 0.017255 0.843772 0.029352
26 1.470953 0.026648 10.977844 0.026648 0.776644 0.02415
27 1.502217 0.015073 11.621095 0.015073 0.794252 0.028013
28 1.493102 0.00911 11.587512 0.00911 0.787872 0.024755
29 1.478079 0.020049 11.218717 0.020049 0.783995 0.030131
30 1.456028 0.006201 11.719863 0.006201 0.732312 0.030056
31 1.48633 0.010121 11.218292 0.010121 0.802739 0.025862
32 1.44199 0.011875 11.779325 0.011875 0.708655 0.023704
33 1.405807 0.008471 10.474048 0.008471 0.722378 0.026302
34 1.387881 0.008518 10.781162 0.008518 0.743694 0.026499
35 1.400444 0.011325 11.677626 0.011325 0.771384 0.025903
39 1.453476 0.006964 11.413973 0.006964 0.777363 0.018559
41 1.372451 0.00862 11.506966 0.00862 0.797656 0.033405
42 1.363687 0.011487 11.162763 0.011487 0.772986 0.029784
43 1.332175 0.023316 11.688401 0.023316 0.758423 0.030221
44 1.437123 0.013873 11.046551 0.013873 0.787346 0.031117
45 1.441408 0.025806 11.674084 0.025806 0.791297 0.027989
48 1.320206 0.029513 12.252434 0.029513 0.766229 0.0311
49 1.401733 0.044325 11.3226 0.044325 0.676097 0.026669
56 1.491288 0.026024 11.792796 0.026024 0.765912 0.035797
57 1.415203 0.009366 11.298649 0.009366 0.814321 0.025824
58 1.510001 0.010775 11.344422 0.010775 0.783475 0.024793
59 1.427487 0.009964 10.955947 0.009964 0.791153 0.032155
60 1.394716 0.008843 12.21657 0.008843 0.78481 0.026662
66 1.370766 0.028657 11.96494 0.028657 0.828399 0.03543
67 1.441197 0.015338 11.371354 0.015338 0.781523 0.03085
68 1.35702 0.025455 12.257203 0.025455 0.778986 0.030575
69 1.366343 0.022853 12.178809 0.022853 0.819982 0.037954
70 1.381119 0.031169 14.733586 0.031169 0.792243 0.037821
71 1.386588 0.036209 12.135255 0.036209 0.659509 0.027647
78 1.292151 0.032914 10.61254 0.032914 0.518422 0.030532
79 1.340683 0.04351 12.094086 0.04351 0.775347 0.033629
81 1.285172 0.024829 12.060045 0.024829 0.74815 0.031115
82 1.405248 0.031514 11.586974 0.031514 0.723271 0.033718
88 1.306585 0.024096 11.061624 0.024096 0.644531 0.037113
89 1.354592 0.031381 12.492833 0.031381 0.742821 0.031016
90 1.313755 0.033238 12.861375 0.033238 0.815792 0.037347
91 1.387738 0.029858 11.503094 0.029858 0.778642 0.029797
92 1.215862 0.027185 11.290079 0.027185 0.718362 0.028837
98 1.369148 0.023491 11.608936 0.023491 0.759732 0.032171
99 1.439772 0.040787 14.033821 0.040787 0.769624 0.04082
101 1.371493 0.042326 14.803472 0.042326 0.794497 0.0311
102 1.442947 0.030351 11.922732 0.030351 0.764468 0.028081
104 1.419504 0.03313 12.482256 0.03313 0.753945 0.027571
105 1.369982 0.025327 12.31215 0.025327 0.778358 0.033858
106 1.408625 0.038087 12.498706 0.038087 0.773843 0.034744
108 1.348344 0.025033 13.106169 0.025033 0.719738 0.026792
109 1.370779 0.034329 11.688238 0.034329 0.743744 0.035575
110 1.319187 0.040527 11.520436 0.040527 0.772654 0.031872
111 1.146881 0.028461 14.934384 0.028461 0.791323 0.037512
115 1.3901 0.027675 12.025367 0.027675 0.776123 0.020925
117 1.344564 0.033595 11.803094 0.033595 0.770707 0.030967
118 1.349165 0.031129 11.537239 0.031129 0.75686 0.02964
119 1.286964 0.039482 11.893588 0.039482 0.792981 0.02987
120 1.395274 0.018943 11.595807 0.018943 0.769047 0.031331
121 1.340624 0.038845 12.385475 0.038845 0.76342 0.026831
124 1.145455 0.032473 14.051056 0.032473 0.728413 0.032442
125 1.265419 0.023879 11.328569 0.023879 0.650068 0.022509
132 1.414654 0.037858 12.17456 0.037858 0.741838 0.033299
133 1.350765 0.032336 12.079297 0.032336 0.733167 0.023836
134 1.461134 0.034018 12.082012 0.034018 0.745293 0.02534
135 1.326781 0.019758 12.223287 0.019758 0.768104 0.031283
136 1.349572 0.038573 12.394092 0.038573 0.756416 0.027089
142 1.30435 0.035742 12.10607 0.035742 0.768379 0.030395
143 1.325377 0.030856 11.73321 0.030856 0.796538 0.033018
144 1.328628 0.031815 12.40699 0.031815 0.738796 0.036586
145 1.424453 0.022815 11.697751 0.022815 0.767627 0.032938
146 1.354606 0.038189 19.427347 0.038189 0.785188 0.044974
147 1.32537 0.034601 11.631888 0.034601 0.698695 0.027373
