2 1.333103 0.02045 10.683258 0.02045 0.486603 0.021046
3 1.368577 0.015838 12.306826 0.015838 0.761928 0.039336
4 1.414593 0.022522 12.174662 0.022522 0.759853 0.035005
5 1.254872 0.026887 11.843017 0.026887 0.731668 0.038039
6 1.392064 0.011053 11.063576 0.011053 0.735403 0.037885
12 1.281925 0.023468 10.667731 0.023468 0.710413 0.042575
13 1.24622 0.025766 12.99689 0.025766 0.73832 0.048317
14 1.330182 0.017693 12.604071 0.017693 0.752735 0.05006
15 1.389027 0.017441 11.050074 0.017441 0.76779 0.037745
16 1.274177 0.013493 11.396736 0.013493 0.705924 0.029455
22 1.33156 0.011018 12.058685 0.011018 0.72637 0.036204
23 1.415437 0.023543 13.915369 0.023543 0.828006 0.052476
25 1.398187 0.009708 15.479906 0.009708 0.731439 0.034553
26 1.416512 0.014542 11.761382 0.014542 0.772978 0.031038
27 1.41245 0.01751 12.607326 0.01751 0.788734 0.034608
28 1.404354 0.013883 12.147513 0.013883 0.783908 0.030093
29 1.381382 0.019166 12.536749 0.019166 0.780883 0.0518
30 1.401354 0.013142 11.689553 0.013142 0.777212 0.040185
32 1.400102 0.015921 12.747265 0.015921 0.772911 0.045997
33 1.373866 0.008724 10.795545 0.008724 0.724363 0.040115
34 1.337034 0.013638 11.525413 0.013638 0.775339 0.038069
35 1.153723 0.018258 14.463559 0.018258 0.809881 0.040381
39 1.363857 0.016065 12.27629 0.016065 0.782797 0.023975
41 1.326688 0.004617 12.514155 0.004617 0.735072 0.042568
42 1.341531 0.016789 11.337424 0.016789 0.826528 0.0393
43 1.317224 0.016288 11.713388 0.016288 0.82592 0.054237
44 1.351662 0.018225 12.036967 0.018225 0.776436 0.048078
45 1.288812 0.019642 12.448336 0.019642 0.7581 0.033255
48 1.113631 0.021222 15.821593 0.021222 0.771132 0.05165
49 1.192775 0.018993 13.027543 0.018993 0.626126 0.037347
56 1.40928 0.032054 12.723589 0.032054 0.82174 0.041423
57 1.3522 0.023783 12.640189 0.023783 0.790728 0.028554
58 1.438176 0.021749 12.277965 0.021749 0.819758 0.030859
59 1.313493 0.019749 12.336216 0.019749 0.798393 0.035385
60 1.379324 0.023391 12.424856 0.023391 0.787482 0.027411
66 1.365802 0.030584 12.439746 0.030584 0.803973 0.03555
67 1.340633 0.021843 12.351723 0.021843 0.748743 0.036986
68 1.390594 0.015002 12.913387 0.015002 0.754666 0.048613
69 1.38625 0.021178 11.297152 0.021178 0.775928 0.042056
70 1.375392 0.033043 13.83311 0.033043 0.813499 0.062902
71 1.358232 0.01498 11.714157 0.01498 0.72924 0.048094
