2 1.093933 0.025242 11.293373 0.025242 0.546309 0.036411
3 1.039737 0.024276 12.550827 0.024276 0.84344 0.037777
5 1.026669 0.022969 13.236528 0.022969 0.824247 0.041986
6 1.045173 0.02736 12.176671 0.02736 0.764863 0.043382
12 1.052461 0.053258 12.122123 0.053258 0.775188 0.048583
13 0.978343 0.055302 13.047489 0.055302 0.814945 0.048374
14 1.005614 0.021313 13.711248 0.021313 0.819069 0.04231
15 1.06043 0.036773 12.254955 0.036773 0.796411 0.034497
16 0.963348 0.009366 11.929913 0.009366 0.717795 0.031206
22 1.040087 0.027968 12.381214 0.027968 0.762536 0.035768
23 1.09285 0.012669 15.595605 0.012669 0.814293 0.041438
25 1.087938 0.016503 17.352132 0.016503 0.824648 0.036469
26 1.083847 0.012977 12.522185 0.012977 0.812128 0.033366
28 1.09333 0.015987 13.612449 0.015987 0.870395 0.035588
29 1.04701 0.024138 13.626204 0.024138 0.801332 0.040426
30 1.140677 0.02196 12.805801 0.02196 0.864368 0.036948
32 1.048736 0.027801 14.7451 0.027801 0.793323 0.032397
33 1.089659 0.021441 11.811221 0.021441 0.798926 0.043067
34 1.093924 0.024924 11.885983 0.024924 0.811584 0.035855
35 0.911113 0.024153 15.272362 0.024153 0.82212 0.041343
39 1.05844 0.025173 13.12979 0.025173 0.86724 0.026678
41 1.065878 0.017341 13.047815 0.017341 0.812219 0.037094
42 1.037116 0.026308 11.61158 0.026308 0.799832 0.03857
43 1.014166 0.026404 12.019178 0.026404 0.871613 0.038646
44 1.044049 0.02303 11.691237 0.02303 0.859623 0.038691
45 1.040398 0.015506 14.235611 0.015506 0.794947 0.031058
48 0.957329 0.016016 15.386539 0.016016 0.767233 0.03543
49 1.047245 0.028138 11.778436 0.028138 0.716217 0.027545
56 1.134213 0.020557 13.443951 0.020557 0.779775 0.036652
57 1.105689 0.044971 12.609142 0.044971 0.816307 0.030482
58 1.135657 0.022525 13.539827 0.022525 0.828095 0.030927
59 0.98224 0.034088 11.548327 0.034088 0.802118 0.036174
60 1.103465 0.035431 12.007417 0.035431 0.783936 0.03163
66 1.023755 0.025655 11.824462 0.025655 0.804957 0.034747
67 0.971792 0.036864 11.97348 0.036864 0.81613 0.046169
68 1.03063 0.034942 12.903988 0.034942 0.76113 0.044625
69 1.078143 0.01699 12.444537 0.01699 0.834219 0.035358
70 1.087696 0.031569 21.159346 0.031569 0.876313 0.05935
71 1.077387 0.0187 12.211506 0.0187 0.784492 0.033874
