2 1.162545 0.024903 10.225445 0.024903 0.531503 0.021557
3 1.075187 0.031936 13.436848 0.031936 0.797721 0.0413
4 1.114707 0.029194 13.661298 0.029194 0.847856 0.042988
5 0.996018 0.039512 13.283176 0.039512 0.810613 0.050165
6 1.111593 0.034854 12.468789 0.034854 0.754715 0.045561
12 1.061459 0.036155 11.692749 0.036155 0.676246 0.048525
13 0.793432 0.064003 14.552767 0.064003 0.787921 0.075732
14 1.024551 0.036076 13.170988 0.036076 0.808303 0.055853
15 1.096343 0.028429 13.000866 0.028429 0.755001 0.039052
16 1.003126 0.020039 11.634062 0.020039 0.754058 0.032313
22 1.089033 0.031013 13.270499 0.031013 0.764108 0.038314
23 1.069025 0.026405 16.298698 0.026405 0.83763 0.053848
25 1.103963 0.034911 18.295686 0.034911 0.940966 0.048544
26 1.132123 0.013708 13.020763 0.013708 0.815507 0.039368
27 1.16111 0.026849 13.795046 0.026849 0.834176 0.038738
28 1.114768 0.017702 13.301407 0.017702 0.852264 0.034009
29 1.129287 0.013417 13.999282 0.013417 0.80868 0.058403
30 1.09514 0.032125 13.126205 0.032125 0.82402 0.043954
32 1.077063 0.028956 13.510005 0.028956 0.810205 0.049873
33 1.086074 0.032181 11.161121 0.032181 0.814289 0.051842
34 1.023833 0.038098 11.740962 0.038098 0.774666 0.040278
35 0.896484 0.022338 16.54072 0.022338 0.846017 0.049066
39 1.083384 0.015916 13.800772 0.015916 0.780651 0.025678
41 1.062104 0.011725 13.220776 0.011725 0.854827 0.053716
42 1.054812 0.024325 11.983969 0.024325 0.875379 0.050533
43 1.023163 0.026403 12.765818 0.026403 0.774141 0.058015
44 1.081401 0.031381 12.190574 0.031381 0.79468 0.059315
45 1.009172 0.028358 13.866251 0.028358 0.781355 0.035045
48 0.899965 0.021153 16.83054 0.021153 0.760114 0.061732
49 0.976717 0.019048 13.341168 0.019048 0.688213 0.045529
56 1.119377 0.032801 13.576886 0.032801 0.812469 0.040758
57 1.068781 0.043092 14.431992 0.043092 0.799081 0.031853
58 1.186486 0.025523 13.447652 0.025523 0.82236 0.035379
59 0.996212 0.037747 12.421216 0.037747 0.743429 0.036157
60 1.09203 0.028606 12.995295 0.028606 0.815863 0.034185
66 1.030587 0.026068 12.821607 0.026068 0.830581 0.040898
67 1.055488 0.041687 13.154315 0.041687 0.77408 0.050268
68 1.006069 0.051502 13.21233 0.051502 0.783751 0.061804
69 1.103271 0.022205 12.053176 0.022205 0.761465 0.039637
70 1.082036 0.050035 15.834974 0.050035 0.879865 0.084511
71 1.10292 0.013712 11.911657 0.013712 0.73872 0.055013
