2 1.251218 0.059209 11.946135 0.059209 0.772627 0.030051
3 1.072804 0.019152 11.118725 0.019152 0.839362 0.034035
4 1.047637 0.019925 13.191854 0.019925 0.878958 0.038667
5 1.023886 0.01876 11.997609 0.01876 0.765176 0.03582
12 1.100506 0.026105 11.87258 0.026105 0.769133 0.032791
13 1.098383 0.032687 13.222047 0.032687 0.820364 0.043826
14 1.050583 0.015395 12.885535 0.015395 0.78362 0.035188
15 1.023947 0.030366 12.890802 0.030366 0.884363 0.040235
16 1.003659 0.022574 10.208432 0.022574 0.827207 0.025001
22 1.056148 0.022955 11.183192 0.022955 0.807919 0.032651
23 1.196787 0.0211 14.477138 0.0211 0.858789 0.038221
25 1.147798 0.021773 16.282106 0.021773 0.849664 0.02968
26 1.159313 0.027163 11.231814 0.027163 0.851428 0.027692
27 1.117395 0.020831 12.09749 0.020831 0.845135 0.02945
28 1.180067 0.011947 12.068394 0.011947 0.834516 0.027735
29 1.108137 0.029345 12.137781 0.029345 0.832862 0.034311
30 1.096366 0.020237 12.175591 0.020237 0.852272 0.034785
31 1.169198 0.015106 11.54103 0.015106 0.844441 0.029412
32 1.088007 0.027033 11.79222 0.027033 0.796141 0.028275
33 1.054908 0.033706 11.510007 0.033706 0.814731 0.032995
34 1.017319 0.036558 11.100767 0.036558 0.793208 0.031044
35 1.048368 0.028618 11.855746 0.028618 0.855113 0.033099
39 1.119891 0.020312 11.337577 0.020312 0.805107 0.024158
41 1.065163 0.010012 12.327322 0.010012 0.794555 0.031733
42 1.029854 0.02262 11.211276 0.02262 0.86429 0.034497
43 0.993361 0.018678 12.151395 0.018678 0.851153 0.038148
44 1.095194 0.028169 10.997598 0.028169 0.823839 0.037674
45 1.102229 0.024339 12.931655 0.024339 0.852635 0.033398
48 1.039702 0.019892 13.369822 0.019892 0.754701 0.032259
49 1.051134 0.011724 12.229847 0.011724 0.723519 0.031974
56 1.141908 0.027488 11.607017 0.027488 0.821677 0.035211
57 1.127328 0.023927 11.735076 0.023927 0.823854 0.026397
58 1.156353 0.038665 11.691084 0.038665 0.890607 0.02978
59 1.096225 0.030095 11.243544 0.030095 0.746453 0.030865
60 1.075733 0.026624 11.85983 0.026624 0.856962 0.029861
66 1.050018 0.016631 12.203631 0.016631 0.84746 0.039023
67 1.09235 0.035727 11.963448 0.035727 0.799852 0.038974
68 1.11932 0.029285 13.071038 0.029285 0.804785 0.043031
69 1.058376 0.023127 12.751813 0.023127 0.744732 0.036743
70 1.031257 0.039787 15.512601 0.039787 0.815033 0.046825
71 1.031817 0.014476 12.752635 0.014476 0.751651 0.032029
78 1.093933 0.025242 11.293373 0.025242 0.546309 0.036411
79 1.039737 0.024276 12.550827 0.024276 0.84344 0.037777
81 1.026669 0.022969 13.236528 0.022969 0.824247 0.041986
82 1.045173 0.02736 12.176671 0.02736 0.764863 0.043382
88 1.052461 0.053258 12.122123 0.053258 0.775188 0.048583
89 0.978343 0.055302 13.047489 0.055302 0.814945 0.048374
90 1.005614 0.021313 13.711248 0.021313 0.819069 0.04231
91 1.06043 0.036773 12.254955 0.036773 0.796411 0.034497
92 0.963348 0.009366 11.929913 0.009366 0.717795 0.031206
98 1.040087 0.027968 12.381214 0.027968 0.762536 0.035768
99 1.09285 0.012669 15.595605 0.012669 0.814293 0.041438
101 1.087938 0.016503 17.352132 0.016503 0.824648 0.036469
102 1.083847 0.012977 12.522185 0.012977 0.812128 0.033366
104 1.09333 0.015987 13.612449 0.015987 0.870395 0.035588
105 1.04701 0.024138 13.626204 0.024138 0.801332 0.040426
106 1.140677 0.02196 12.805801 0.02196 0.864368 0.036948
108 1.048736 0.027801 14.7451 0.027801 0.793323 0.032397
109 1.089659 0.021441 11.811221 0.021441 0.798926 0.043067
110 1.093924 0.024924 11.885983 0.024924 0.811584 0.035855
111 0.911113 0.024153 15.272362 0.024153 0.82212 0.041343
115 1.05844 0.025173 13.12979 0.025173 0.86724 0.026678
117 1.065878 0.017341 13.047815 0.017341 0.812219 0.037094
118 1.037116 0.026308 11.61158 0.026308 0.799832 0.03857
119 1.014166 0.026404 12.019178 0.026404 0.871613 0.038646
120 1.044049 0.02303 11.691237 0.02303 0.859623 0.038691
121 1.040398 0.015506 14.235611 0.015506 0.794947 0.031058
124 0.957329 0.016016 15.386539 0.016016 0.767233 0.03543
125 1.047245 0.028138 11.778436 0.028138 0.716217 0.027545
132 1.134213 0.020557 13.443951 0.020557 0.779775 0.036652
133 1.105689 0.044971 12.609142 0.044971 0.816307 0.030482
134 1.135657 0.022525 13.539827 0.022525 0.828095 0.030927
135 0.98224 0.034088 11.548327 0.034088 0.802118 0.036174
136 1.103465 0.035431 12.007417 0.035431 0.783936 0.03163
142 1.023755 0.025655 11.824462 0.025655 0.804957 0.034747
143 0.971792 0.036864 11.97348 0.036864 0.81613 0.046169
144 1.03063 0.034942 12.903988 0.034942 0.76113 0.044625
145 1.078143 0.01699 12.444537 0.01699 0.834219 0.035358
146 1.087696 0.031569 21.159346 0.031569 0.876313 0.05935
147 1.077387 0.0187 12.211506 0.0187 0.784492 0.033874
