2 1.35981 0.007972 11.614469 0.007972 0.73827 0.035592
3 1.334281 0.024137 13.344813 0.024137 0.790913 0.049868
4 1.397369 0.016526 12.566182 0.016526 0.799397 0.040502
5 1.321254 0.0173 11.232217 0.0173 0.777748 0.03288
6 1.384193 0.016422 11.4261 0.016422 0.781479 0.040283
12 1.396268 0.024837 10.552019 0.024837 0.657032 0.035441
13 1.349238 0.018931 11.548618 0.018931 0.776565 0.043403
14 1.287566 0.010007 11.954751 0.010007 0.745542 0.040764
15 1.286278 0.022991 12.45294 0.022991 0.776262 0.042731
16 1.251387 0.019261 11.56421 0.019261 0.793334 0.045123
22 1.287106 0.014924 12.655365 0.014924 0.770213 0.043655
23 1.389495 0.020293 14.062148 0.020293 0.725331 0.048896
25 1.390227 0.01295 15.573674 0.01295 0.876335 0.047316
26 1.398486 0.00995 12.319588 0.00995 0.781271 0.04261
27 1.447601 0.01515 12.245775 0.01515 0.811873 0.042816
28 1.436416 0.02098 12.457686 0.02098 0.791928 0.03234
30 1.414038 0.018106 12.418253 0.018106 0.767075 0.050223
32 1.421928 0.009636 12.409273 0.009636 0.787428 0.041477
33 1.336713 0.017432 11.38767 0.017432 0.782323 0.043442
34 1.339515 0.011074 11.599643 0.011074 0.803231 0.044598
35 1.345501 0.011217 12.22426 0.011217 0.771156 0.040619
41 1.351757 0.01295 12.297229 0.01295 0.766602 0.035033
43 1.335409 0.010924 11.36437 0.010924 0.762953 0.039103
44 1.366966 0.009451 11.588069 0.009451 0.778532 0.044488
45 1.400378 0.020425 11.813261 0.020425 0.797137 0.038095
48 1.352172 0.01047 11.561166 0.01047 0.730875 0.027811
49 1.316662 0.010459 10.791678 0.010459 0.629156 0.025185
56 1.355122 0.018497 12.730989 0.018497 0.811741 0.05447
58 1.389795 0.013236 12.636317 0.013236 0.788346 0.033452
59 1.293787 0.010896 11.726357 0.010896 0.805451 0.037456
60 1.346616 0.014786 11.914576 0.014786 0.78818 0.034295
66 1.274879 0.014229 12.132003 0.014229 0.758487 0.033507
67 1.345201 0.02775 11.741096 0.02775 0.793714 0.039778
68 1.377508 0.010686 11.217986 0.010686 0.710464 0.035513
69 1.377601 0.011559 11.06471 0.011559 0.758105 0.0424
70 1.426208 0.022673 13.631273 0.022673 0.728817 0.042777
71 1.353831 0.008778 11.27747 0.008778 0.689795 0.031857
